image: ./warehouse.pgm
resolution: 0.020000
origin: [-16.00000, -17.600000, 0.000000]
negate: 0
occupied_thresh: 0.65
free_thresh: 0.196

